6.09
-0.37
-6.23
3.24
-6.23
2.17
-0.86
81.05
3.16
-0.7
0.09
-1.38
3.3
3.65
0.4
3.65
0.0
0.98
1.42
0.42
-0.04
3.8
-0.8
0.42
-4.36
84.91
2.25
102.64
0.67
5.44
43.0
1.42
0.94
8.6
0.08
3.0
4.06
-9.56
58.42
47.73
2.5
1.42
0.27
44.97
2.05
0.42
0.09
1.35
0.86
0.0
2.74
13.31
-0.25
0.24
-44.91
0.14
-9.04
2.75
58.41
42.25
42.0
42.0
6.94
51.93
3.74
10.87
2.76
48.97
1.59
2.08
44.6
0.15
-4.02
-0.52
1.28
3.78
0.09
3.07
22.5
0.8
0.72
-0.19
-7.75
43.75
-0.19
3.9
0.72
0.89
-0.26
25.66
1.41
88.58
0.97
-79.96
0.42
51.44
3.88
-0.57
0.84
2.0
0.38
-0.17
2.42
2.57
6.32
46.66
6.16
0.77
0.24
0.79
46.66
2.98
1.55
3.88
9.84
6.32
-0.15
9.84
71.24
42.12
0.73
-36.45
3.76
0.97
3.88
3.14
0.55
0.99
0.98
-4.24
0.42
-0.91
0.87
0.25
281.38
4.14
-0.02
0.23
3.52
12.58
-0.58
-0.87
2.45
1.38
0.42
1.42
0.56
2.42
98.47
1.17
0.56
-0.62
44.23
3.69
1.17
0.47
2.16
-0.19
-0.19
3.52
0.42
1.71
-0.49
1.0
0.42
0.65
0.3
0.42
45.32
2.42
1.9
1.77
-3.81
-3.81
4.79
0.42
-0.45
38.17
37.69
4.67
-0.3
3.21
2.87
2.0
1.67
-0.61
0.42
-4.51
-0.63
1.17
-4.66
0.67
87.63
1.09
-5.0
1.43
0.08
0.81